  321     1  
  322     1  
  323     1  
  324     1  
  325     1  
  326     1  
  327     1  
  328     1  
  329     1  
  330     1  
  331     1  
  332     1  
  333     1  
  334     1  
  335     1  
  336     1  
  337     1  
  338     1  
  339     1  
  340     1  
  341     1  
  342     1  
  343     1  
  344     1  
  345     1  
  346     1  
  347     1  
  348     1  
  349     1  
  350     1  
  351     1  
  352     1  
   28     2  
   34     2  
   38     2  
   45     2  
   49     2  
   51     2  
   55     2  
   57     2  
   59     2  
   61     2  
   63     2  
   67     2  
   85     2  
   88     2  
   90     2  
   93     2  
   95     2  
   96     2  
  117     2  
  120     2  
  122     2  
  125     2  
  127     2  
  128     2  
  149     2  
  152     2  
  154     2  
  157     2  
  159     2  
  160     2  
  180     2  
  184     2  
  186     2  
  189     2  
  191     2  
  192     2  
  213     2  
  216     2  
  218     2  
  221     2  
  223     2  
  224     2  
  245     2  
  248     2  
  250     2  
  253     2  
  255     2  
  256     2  
  277     2  
  280     2  
  282     2  
  285     2  
  287     2  
  288     2  
  308     2  
  312     2  
  314     2  
  317     2  
  319     2  
  320     2  
  340     2  
  344     2  
  346     2  
  349     2  
  351     2  
  352     2  
