  641     1  
  642     1  
  643     1  
  644     1  
  645     1  
  646     1  
  647     1  
  648     1  
  649     1  
  650     1  
  651     1  
  652     1  
  653     1  
  654     1  
  655     1  
  656     1  
  657     1  
  658     1  
  659     1  
  660     1  
  661     1  
  662     1  
  663     1  
  664     1  
  665     1  
  666     1  
  667     1  
  668     1  
  669     1  
  670     1  
  671     1  
  672     1  
    1     2  
    3     2  
    6     2  
    7     2  
   11     2  
   14     2  
   16     2  
   22     2  
   26     2  
   27     2  
   31     2  
   36     2  
   38     2  
   46     2  
   50     2  
   58     2  
   65     2  
   75     2  
   77     2  
   82     2  
   86     2  
   98     2  
  106     2  
  115     2  
  120     2  
  124     2  
  129     2  
  135     2  
  141     2  
  149     2  
  158     2  
  160     2  
  163     2  
  169     2  
  174     2  
  181     2  
  192     2  
  194     2  
  197     2  
  202     2  
  206     2  
  213     2  
  225     2  
  227     2  
  230     2  
  234     2  
  238     2  
  244     2  
  257     2  
  259     2  
  262     2  
  266     2  
  270     2  
  277     2  
  289     2  
  291     2  
  294     2  
  298     2  
  302     2  
  308     2  
  321     2  
  323     2  
  326     2  
  330     2  
  334     2  
  340     2  
  353     2  
  355     2  
  358     2  
  362     2  
  366     2  
  373     2  
  385     2  
  387     2  
  390     2  
  394     2  
  398     2  
  404     2  
  417     2  
  419     2  
  422     2  
  426     2  
  430     2  
  437     2  
  449     2  
  451     2  
  454     2  
  458     2  
  462     2  
  469     2  
  481     2  
  483     2  
  486     2  
  490     2  
  494     2  
  501     2  
  513     2  
  515     2  
  518     2  
  522     2  
  526     2  
  533     2  
  545     2  
  547     2  
  550     2  
  554     2  
  558     2  
  565     2  
  577     2  
  579     2  
  582     2  
  586     2  
  590     2  
  597     2  
  609     2  
  611     2  
  614     2  
  618     2  
  622     2  
  629     2  
  641     2  
  643     2  
  646     2  
  650     2  
  654     2  
  660     2  
